"","X.1","X","dive","p.max","sec.max","p.min","sec.min","dur","lunges","breaths","comments","surface.time","dive.time","surface.p","dive.p"
"1",1,2,1,39.8959697853487,244.6,1.97006371815587,6.4,238.2,1,0,"none",19.4,219,0.0813758389261745,0.918624161073825
"2",2,3,2,12.719992639578,340.6,-0.0893178601535645,244.6,96,0,0,"none",80.8,15.4,0.83991683991684,0.16008316008316
"3",3,5,4,35.6784316490935,691,-0.0679043016890772,340.6,350.4,0,4,"none",128.8,221.8,0.367370222475756,0.632629777524244
"4",4,6,5,40.4244854528847,922.2,-0.0808775461148485,691,231.2,1,2,"none",34,197.4,0.146931719965428,0.853068280034572
"5",5,7,6,35.8155703710514,1173.4,-0.0739984983785476,922.2,251.2,1,2,"none",34,217.4,0.135242641209228,0.864757358790772
"6",6,8,7,34.4518655802038,1484.6,-0.0395354436664073,1173.4,311.2,1,2,"none",33,278.4,0.10597302504817,0.89402697495183
"7",7,9,8,10.4461575539946,1573.4,-0.020067854738544,1484.6,88.8000000000002,1,2,"none",86.6,2.4,0.973033707865169,0.0269662921348315
"8",8,10,9,36.3919156808031,2046.2,-0.0401814422051443,1573.4,472.8,1,2,"none",50.6,422.4,0.106976744186046,0.893023255813953
"9",9,11,10,35.3075330585041,2408.6,-0.120249071875969,2046.2,362.4,0,2,"none",38,324.6,0.104798676227248,0.895201323772752
"10",10,12,11,36.6404777050369,2582.2,-0.0534587928372066,2408.6,173.6,1,5,"none",104.8,69,0.602991944764097,0.397008055235903
"11",11,13,12,38.9379752765377,3026.2,-0.0208437053510562,2582.2,444,1,2,"none",74.4,369.8,0.167492120666366,0.832507879333633
"12",12,14,13,13.6534233572834,3163.8,-0.0436562320752849,3026.2,137.6,1,0,"none",48.6,89.2,0.352685050798258,0.647314949201742
"13",13,15,14,24.5451238119248,3233.4,-0.0647935411516292,3163.8,69.5999999999999,0,0,"none",21.4,48.4,0.306590257879656,0.693409742120344
"14",14,17,16,33.9032359723744,3502.2,1.70935407279668,3233.4,268.8,0,1,"none",68.2,200.8,0.253531598513011,0.746468401486989
"15",15,19,18,36.804975197461,3833.4,1.33797129302456,3502.2,331.2,1,0,"none",57.6,273.8,0.173808086904043,0.826191913095957
"16",16,20,19,13.3323061346008,3946.2,0.471836897199752,3833.4,112.8,0,1,"none",97.6,15.4,0.863716814159292,0.136283185840708
"17",17,21,20,10.774855268786,3974.2,-0.0131708350306359,3946.2,28,1,0,"none",24.4,3.8,0.865248226950355,0.134751773049645
"18",18,22,21,32.7495426122819,4183.8,-0.0638398495968513,3974.2,209.6,1,0,"none",22.2,187.6,0.105815061963775,0.894184938036225
"19",19,23,22,17.3654552877249,4340.6,0.709429669706868,4183.8,156.8,0,2,"none",41.8,115.2,0.266242038216561,0.73375796178344
"20",20,25,24,28.4365044156564,4565.4,-0.0990255818549626,4340.6,224.799999999999,0,2,"none",58.6,166.4,0.260444444444444,0.739555555555556
"21",21,27,26,24.5981627829343,4927.8,0.250440109704868,4565.4,362.400000000001,0,6,"none",168.6,194,0.464975179260894,0.535024820739106
"22",22,28,27,42.4304844008502,5351.8,0.803849570480577,4927.8,424,1,3,"none",86.6,337.6,0.204148986327204,0.795851013672796
"23",23,33,32,32.659619159301,5731.8,1.10132379846753,5351.8,380,1,0,"none",189.8,190.4,0.499210941609679,0.500789058390321
"24",24,34,33,33.2208501338617,5907,-0.077167067438197,5731.8,175.2,2,0,"none",24.4,151,0.139110604332953,0.860889395667047
"25",25,35,34,12.9467646923608,6007.8,1.50013174310736,5907,100.8,0,1,"none",82.2,18.8,0.813861386138614,0.186138613861386
"26",26,37,36,32.5395017595285,6421.4,0.319006436831729,6007.8,413.599999999999,0,5,"none",101.2,312.6,0.24456259062349,0.75543740937651
"27",27,40,39,19.6839011441504,6971.8,-0.093329763450523,6421.4,550.400000000001,0,1,"none",232.2,318.4,0.421721758082092,0.578278241917908
"28",28,41,40,32.9241980506419,7304.6,0.0453117224717081,6971.8,332.8,0,6,"none",158.6,174.4,0.476276276276276,0.523723723723724
"29",29,42,41,34.9043489673263,7932.6,-0.048152400764214,7304.6,628,1,8,"none",226,402.2,0.359758038841133,0.640241961158867
"30",30,43,42,38.5998421334148,8157.4,-0.133263353198876,7932.6,224.799999999999,1,3,"none",102.6,122.4,0.456,0.544
"31",31,46,45,36.9305362193857,8689.4,-0.123095266172135,8157.4,532,1,6,"none",228.6,303.6,0.429537767756483,0.570462232243517
"32",32,47,46,43.0062173048106,9340.6,-0.120761367606432,8689.4,651.200000000001,1,5,"none",163.2,488.2,0.250537304267731,0.749462695732269
"33",33,48,47,29.4695119252841,9901.4,-0.141767214306864,9340.6,560.799999999999,0,8,"none",262.6,298.4,0.468092691622103,0.531907308377897
"34",34,49,48,29.8580099279141,10375,-0.131229417714906,9901.4,473.6,0,4,"none",107,366.8,0.225833685099198,0.774166314900802
"35",35,50,49,29.0373220983515,11028.6,-0.0691328534422329,10375,653.6,0,4,"none",150.4,503.4,0.230039767513001,0.769960232486999
"36",36,52,51,31.8805639176911,11630.2,0.0208277167624586,11028.6,601.6,0,6,"none",263.8,338,0.438351611831173,0.561648388168827
"37",37,53,52,24.9464364470831,12083,-0.136103068118734,11630.2,452.799999999999,0,5,"none",130.8,322.2,0.288741721854305,0.711258278145695
"38",38,54,53,40.5043376348826,12920.6,-0.120592410754582,12083,837.6,1,6,"none",155.2,682.6,0.185247075674385,0.814752924325615
"39",39,55,54,46.8935494298973,13112.6,0.0793524571943816,12920.6,192,1,5,"none",70.6,121.6,0.36732570239334,0.63267429760666
"40",40,57,56,34.7611344191181,13481.4,-0.158967185942271,13112.6,368.799999999999,1,4,"none",230.8,138.2,0.625474254742547,0.374525745257453
"41",41,58,57,37.5209449011885,13697.4,-0.155028793652554,13481.4,216,1,3,"none",97.8,118.4,0.452358926919519,0.547641073080481
"42",42,59,58,36.2281857148179,14115,-0.150518574565919,13697.4,417.6,1,0,"none",67.6,350.2,0.161799904260412,0.838200095739588
"43",43,60,59,12.3194832943601,14220.6,0.0542877288395349,14115,105.6,0,1,"none",43,62.8,0.406427221172023,0.593572778827977
"44",44,61,60,36.0827308168197,14783.8,-0.155933991768172,14220.6,563.199999999999,0,10,"none",170.2,393.2,0.302094426695066,0.697905573304934
"45",45,62,61,36.4242327852389,15265.4,1.34776634264979,14783.8,481.6,1,8,"none",24,457.8,0.049813200498132,0.950186799501868
"46",46,64,63,35.6727994297727,15668.6,-0.177587852648366,15265.4,403.200000000001,1,4,"none",280.8,122.6,0.696083292017848,0.303916707982152
"47",47,65,64,33.9295303855044,15867,1.16231920972723,15668.6,198.4,1,0,"none",26.6,172,0.133937562940584,0.866062437059416
"48",48,66,65,10.5579360113182,15943,0.452915097725753,15867,76,0,2,"none",65.4,10.8,0.858267716535433,0.141732283464567
"49",49,68,67,32.7302771720695,16160.6,1.22706718485223,15943,217.6,1,4,"none",93.6,124.2,0.429752066115702,0.570247933884298
"50",50,70,69,39.3302436760347,16615,-0.132006028973763,16160.6,454.4,0,3,"none",168,286.6,0.369555653321601,0.630444346678399
"51",51,72,71,39.4179577431868,16867,1.15101695304611,16615,252,1,5,"none",70,182.2,0.277557494052339,0.722442505947661
"52",52,74,73,33.6293966953395,17274.2,1.05664347463532,16867,407.200000000001,1,0,"none",174,233.4,0.427098674521355,0.572901325478645
"53",53,75,74,10.9727923166199,17440.6,-0.165790796560798,17274.2,166.399999999998,0,8,"none",156,10.6,0.936374549819928,0.063625450180072
"54",54,77,76,56.5484087447793,17919,-0.163447058531357,17440.6,478.400000000001,0,4,"none",105,373.6,0.219389887170915,0.780610112829085
"55",55,79,78,40.1096807885707,18099,1.25929459525193,17919,180,1,0,"none",57,123.2,0.316315205327414,0.683684794672586
"56",56,84,83,39.3632910628908,18386.2,1.31494086590463,18099,287.200000000001,1,5,"none",162.2,125.2,0.564370215727209,0.43562978427279
"57",57,85,84,15.1446963393719,18506.2,-0.177435426308348,18386.2,120,0,5,"none",102,18.2,0.848585690515807,0.151414309484193
"58",58,86,85,37.1027657192974,18944.6,-0.149847071314867,18506.2,438.399999999998,1,3,"none",85.2,353.4,0.194254445964432,0.805745554035568
"59",59,88,87,11.0262845797933,19069.4,-0.185958128536783,18944.6,124.800000000003,0,1,"none",116.2,8.8,0.9296,0.0704
"60",60,89,88,41.1036862135047,19331.8,-0.177009480127885,19069.4,262.399999999998,1,5,"none",139,123.6,0.529322162985529,0.470677837014471
"61",61,90,89,41.3107691806227,19523.8,0.927296070608604,19331.8,192,1,0,"none",35,157.2,0.18210197710718,0.81789802289282
"62",62,91,90,10.0143742384383,19675.8,-0.177395909082425,19523.8,152,0,6,"none",151.8,0.4,0.997371879106439,0.0026281208935611
"63",63,92,91,31.4033788097166,20053.4,-0.16272125204548,19675.8,377.600000000002,2,0,"none",129.6,248.2,0.343038644785601,0.656961355214399
"64",64,93,92,16.2181413895819,20091,-0.132483861526626,20053.4,37.5999999999985,1,NA,"none",19,18.8,0.502645502645503,0.497354497354497
"65",65,94,93,34.6136250764221,20315,0.904090929427491,20091,224,1,0,"none",25.4,198.8,0.113291703835861,0.886708296164139
"66",66,95,94,11.4237220167016,20431,-0.165894924534316,20315,116,0,5,"none",104.6,11.6,0.900172117039587,0.0998278829604131
"67",67,96,95,40.8426104789686,20653.4,1.56887047963821,20431,222.400000000001,1,0,"none",21,201.6,0.0943396226415094,0.905660377358491
"68",68,97,96,10.5698891676604,20818.2,-0.163635133587933,20653.4,164.799999999999,0,5,"none",154.8,10.2,0.938181818181818,0.0618181818181818
"69",69,98,97,38.3631667946039,21202.2,-0.177717047170401,20818.2,384,0,3,"none",90.8,293.4,0.236335242061426,0.763664757938574
"70",70,99,98,39.0894729643174,21451,-0.151078524843509,21202.2,248.799999999999,1,5,"none",130.4,118.6,0.523694779116466,0.476305220883534
"71",71,100,99,37.2766952500964,21707,0.942721036898372,21451,256,1,5,"none",25.4,230.8,0.0991412958626074,0.900858704137393
"72",72,103,102,36.6343112735821,22089.4,1.44155644412552,21707,382.400000000001,1,5,"none",147.6,235,0.385781495033978,0.614218504966022
"73",73,107,106,31.3027240446252,22639,-0.189597615518921,22089.4,549.599999999999,0,4,"none",235.2,314.6,0.427791924336122,0.572208075663878
"74",74,108,107,44.1856715275596,22979,1.50659651311639,22639,340,1,4,"none",25.6,314.6,0.0752498530276308,0.924750146972369
"75",75,112,111,35.9608069324427,23532.6,-0.16392222224983,22979,553.599999999999,1,4,"none",277.2,276.6,0.500541711809318,0.499458288190683
"76",76,113,112,34.4932291206041,23683,1.47142608699676,23532.6,150.400000000001,1,4,"none",25.6,125,0.169986719787517,0.830013280212483
"77",77,116,115,37.0586342116886,24047,0.787704324131181,23683,364,1,6,"none",136.4,227.8,0.374519494783086,0.625480505216914
"78",78,120,119,42.483739083512,24388.6,1.22008525671877,24047,341.599999999999,1,4,"none",168.8,173,0.493856056173201,0.506143943826799
"79",79,123,122,38.5294484979163,24649.4,0.880507033373441,24388.6,260.800000000003,1,5,"none",151,110,0.578544061302682,0.421455938697318
"80",80,126,125,31.2828467320022,25204.6,-0.167627226742974,24649.4,555.199999999997,0,5,"none",247.4,308,0.445444724522866,0.554555275477134
"81",81,127,126,33.3601178688406,25506.2,0.806811270775984,25204.6,301.600000000002,1,5,"none",28.4,273.4,0.0941020543406229,0.905897945659377
"82",82,131,130,40.074925377863,25918.2,1.2916556438764,25506.2,412,1,6,"none",171.4,240.8,0.41581756428918,0.58418243571082
"83",83,134,133,30.7869224675525,26392.6,-0.12045149961971,25918.2,474.399999999998,0,1,"none",202,272.6,0.425621576064054,0.574378423935946
"84",84,135,134,40.3538065635731,26800.6,0.789841240689304,26392.6,408,1,4,"none",39.2,369,0.096031357177854,0.903968642822146
"85",85,138,137,31.7722889034785,27019.8,1.04633529578219,26800.6,219.200000000001,1,0,"none",142,77.4,0.64721969006381,0.35278030993619
"86",86,139,138,11.1418502855415,27164.6,-0.132415665188584,27019.8,144.799999999999,0,6,"none",135.6,9.4,0.935172413793103,0.0648275862068965
"87",87,140,139,39.7230184720999,27451,0.298898437441916,27164.6,286.400000000001,1,4,"none",56.4,230.2,0.196789951151431,0.803210048848569
"88",88,142,141,38.815849410641,27738.2,0.433095033039179,27451,287.200000000001,1,5,"none",121.2,166.2,0.421711899791232,0.578288100208768
"89",89,144,143,33.1409840548488,28163.8,0.838812306026196,27738.2,425.599999999999,1,0,"none",155.8,270,0.365899483325505,0.634100516674495
"90",90,145,144,11.6356730074173,28231,-0.0273339255466816,28163.8,67.2000000000007,0,3,"none",50,17.4,0.741839762611276,0.258160237388724
"91",91,148,147,37.7977953148033,28483,0.819627771697096,28231,252,1,0,"none",84.8,167.4,0.33624107850912,0.66375892149088
"92",92,149,148,19.936991659123,28574.2,-0.0712764999841602,28483,91.2000000000007,0,8,"none",60.8,30.6,0.665207877461707,0.334792122538293
"93",93,151,150,33.4292153079762,28907,0.706152724620092,28574.2,332.799999999999,1,5,"none",143.8,189.2,0.431831831831832,0.568168168168168
"94",94,153,152,35.7912727641841,29219.8,-0.0739411165413986,28907,312.799999999999,1,4,"none",190,123,0.60702875399361,0.39297124600639
"95",95,155,154,36.5830266510241,29583,-0.20282500198505,29219.8,363.200000000001,1,5,"none",124.2,239.2,0.341772151898734,0.658227848101266
"96",96,157,156,30.8519456414553,30047,-0.067284857140163,29583,464,1,3,"none",100.4,363.8,0.216286083584662,0.783713916415338
"97",97,158,157,15.2189949983002,30164.6,0.68014308950292,30047,117.599999999999,0,2,"none",65.8,52,0.558573853989813,0.441426146010187
"98",98,159,158,33.8957066912639,30386.2,-0.118378885138534,30164.6,221.600000000002,0,4,"none",86,135.8,0.387736699729486,0.612263300270514
"99",99,160,159,42.9270626226275,30578.2,0.807269559467106,30386.2,192,1,4,"none",28.6,163.6,0.148803329864724,0.851196670135276
"100",100,162,161,45.4456427280762,31987.6,-0.17676410768019,30578.2,1409.4,0,3,"none",966.6,443,0.685726447219069,0.314273552780931
