"","X","dive","p.max","sec.max","p.min","sec.min","dur","lunges","breaths","comments","surface.time","dive.time","surface.p","dive.p"
"1",2,1,44.6204775782347,174.2,1.62791185577395,10.4,163.8,1,NA,"none",24.2,139.8,0.147560975609756,0.852439024390244
"2",3,2,10.4205852040802,267,0.0230833730381519,174.2,92.8,0,1,"none",89.8,3.2,0.965591397849462,0.0344086021505376
"3",4,3,20.0163634692028,362.2,-0.000711610776977345,267,95.2,0,1,"none",31.2,64.2,0.327044025157233,0.672955974842767
"4",5,4,50.5070065659822,796.6,-0.0633363669136278,362.2,434.4,0,4,"none",87.6,347,0.201564657156006,0.798435342843994
"5",6,5,57.1412272861411,1253.4,-0.0669035015678281,796.6,456.8,0,1,"none",60.2,396.8,0.131728665207877,0.868271334792123
"6",7,6,46.6189522649511,1473.4,0.945603334183133,1253.4,220,1,5,"none",22.8,197.4,0.103542234332425,0.896457765667575
"7",9,8,39.150075037547,1759,-0.0304557557600216,1473.4,285.6,1,5,"none",143.2,142.6,0.501049685094472,0.498950314905528
"8",11,10,48.3326964226894,2075,-0.0739892008965848,1759,316,1,3,"wrong lunge detected",131.4,184.8,0.415559772296015,0.584440227703985
"9",13,12,43.1099745730774,2494.2,-0.0776343837454008,2075,419.2,0,2,"none",128.8,290.6,0.307105388650453,0.692894611349547
"10",14,13,27.2283058680308,2757.4,-0.078837138648393,2494.2,263.2,0,5,"none",103.6,159.8,0.39331814730448,0.60668185269552
"11",15,14,29.271018297461,3139.8,-0.109607036626044,2757.4,382.4,0,2,"none",71.4,311.2,0.186617877679038,0.813382122320962
"12",16,15,40.9783800818568,3431,-0.088594942902773,3139.8,291.2,0,4,"none",90.4,201,0.310226492793411,0.689773507206589
"13",17,16,45.4459214503164,3716.6,-0.0884291258416738,3431,285.6,1,4,"none",104.6,181.2,0.365990202939118,0.634009797060882
"14",18,17,55.9764615600807,4011.8,-0.082485410471177,3716.6,295.2,1,5,"none",133.4,162,0.451591062965471,0.54840893703453
"15",19,18,54.7939904596835,4171.8,1.80569883461233,4011.8,160,1,5,"none",24.2,136,0.151061173533084,0.848938826466916
"16",21,20,57.613256638121,4586.2,-0.13745941614216,4171.8,414.4,1,5,"wrong lunge detected, max speed instead",160.2,254.4,0.386396526772793,0.613603473227207
"17",22,21,13.0204098933087,4637.4,-0.100679215438778,4586.2,51.1999999999998,0,3,"none",32,19.4,0.622568093385214,0.377431906614786
"18",23,22,54.3151717074645,4821.4,1.86228333876113,4637.4,184,1,2,"none",24.8,159.4,0.134636264929425,0.865363735070575
"19",25,24,54.6232339086234,5391.8,-0.152200775771903,4821.4,570.400000000001,1,7,"none",237.2,333.4,0.415702769015072,0.584297230984928
"20",26,25,56.8125472959319,5520.6,1.38967966832425,5391.8,128.8,1,3,"none",22.8,106.2,0.176744186046512,0.823255813953488
"21",28,27,53.3909748959803,5970.2,-0.137228956745325,5520.6,449.599999999999,1,6,"none",232.8,217,0.517563361493997,0.482436638506003
"22",29,28,48.5519897029703,6307.8,-0.142058229050753,5970.2,337.6,0,2,"none",44,293.8,0.130254588513914,0.869745411486086
"23",30,29,59.4457525413038,6543.8,1.06291769738645,6307.8,236,1,4,"none",31,205.2,0.131244707874682,0.868755292125318
"24",32,31,55.957082297359,7015.8,-0.154702636050052,6543.8,472,0,3,"none",157.8,314.4,0.33418043202033,0.66581956797967
"25",33,32,48.2486477691441,7393.4,-0.156831436546847,7015.8,377.599999999999,1,3,"none",90.4,287.4,0.23928004235045,0.76071995764955
"26",34,33,32.0135801820295,7743,-0.145059730044229,7393.4,349.6,0,3,"none",86,263.8,0.245854774156661,0.754145225843339
"27",35,34,57.6288813451132,8053.4,-0.144736857157635,7743,310.4,1,4,"none",104.4,206.2,0.336123631680618,0.663876368319382
"28",36,35,19.7461346304755,8202.2,-0.133174392630489,8053.4,148.800000000001,0,4,"none",93.6,55.4,0.628187919463087,0.371812080536913
"29",37,36,49.6929014906379,8631,-0.144968871747431,8202.2,428.799999999999,1,4,"none",73.8,355.2,0.172027972027972,0.827972027972028
"30",38,37,39.4095675358209,8955.8,-0.130394419475368,8631,324.799999999999,0,4,"none",89,236,0.273846153846154,0.726153846153846
"31",39,38,41.1631832463571,9231,1.15239083180562,8955.8,275.200000000001,1,2,"none",33.2,242.2,0.120551924473493,0.879448075526507
"32",41,40,36.0903585707047,9446.2,1.93515563999401,9231,215.200000000001,1,4,"none",73.4,142,0.340761374187558,0.659238625812442
"33",43,42,44.0646610680678,9731.8,-0.153104604744691,9446.2,285.599999999999,1,2,"none",173,112.8,0.605318404478656,0.394681595521344
"34",45,44,36.40845749906,10089.4,-0.148203921464528,9731.8,357.6,0,4,"none",156,201.8,0.43599776411403,0.56400223588597
"35",46,45,42.3213231678633,10337.4,-0.155899303946104,10089.4,248,1,4,"none",115.2,133,0.464141821112006,0.535858178887994
"36",47,46,51.4837863609542,10720.6,-0.140449557056527,10337.4,383.200000000001,0,5,"none",33.2,350.2,0.0865936358894105,0.91340636411059
"37",49,48,43.4073171669637,11032.6,1.64526282969159,10720.6,312,1,4,"none",105,207.2,0.336322869955157,0.663677130044843
"38",54,53,46.0353298659404,11297.4,1.72509179142201,11032.6,264.799999999999,1,5,"none",120,145,0.452830188679245,0.547169811320755
"39",56,55,57.2877665490487,11561.4,1.79171282075295,11297.4,264,1,3,"none",139.2,125,0.526873580620742,0.473126419379258
"40",58,57,61.0740270421061,11967,-0.193570142166764,11561.4,405.6,NA,NA,"none",164.8,241,0.406111384918679,0.593888615081321
"41",59,58,56.034643999448,12299,-0.172599874863255,11967,332,1,3,"none",139.4,192.8,0.419626730885009,0.580373269114991
"42",60,59,64.8267268644265,12535.8,-0.110878707711955,12299,236.799999999999,1,3,"none",111.8,125.2,0.471729957805907,0.528270042194093
"43",61,60,58.3324382446986,12956.6,-0.147423952245479,12535.8,420.800000000001,1,3,"none",80.8,340.2,0.191923990498812,0.808076009501188
"44",63,62,48.1603111048988,13223,-0.172890454831203,12956.6,266.4,0,2,"none",81.4,185.2,0.305326331582896,0.694673668417104
"45",64,63,61.6772343043946,13333.4,1.1003852029645,13223,110.4,1,4,"none",27.4,83.2,0.247739602169982,0.752260397830018
"46",66,65,51.8073541169019,13755,-0.150600442446669,13333.4,421.6,NA,NA,"none",119.4,302.4,0.283072546230441,0.716927453769559
"47",67,66,42.4571795250558,13970.2,-0.183538122985582,13755,215.200000000001,1,2,"none",73.2,142.2,0.33983286908078,0.66016713091922
"48",68,67,35.0151954341028,14140.6,-0.144796659109152,13970.2,170.4,0,4,"none",77.4,93.2,0.45369284876905,0.54630715123095
"49",69,68,57.1180915003815,14243,1.18384090145995,14140.6,102.4,1,5,"none",31.6,71,0.307992202729045,0.692007797270955
"50",71,70,63.0236762364216,14590.2,-0.146851172949381,14243,347.200000000001,0,3,"none",169.2,178.2,0.487046632124352,0.512953367875648
"51",72,71,51.2593923244824,14851,-0.189580503155486,14590.2,260.799999999999,0,2,"iremove this dive (part of previous dive",38.4,222.6,0.147126436781609,0.852873563218391
"52",73,72,14.8659392284135,14952.6,-0.14917696622252,14851,101.6,NA,NA,"none",68.6,33.2,0.673870333988212,0.326129666011788
"53",74,73,49.1540475736406,15322.2,-0.133710426863798,14952.6,369.6,0,5,"none",121.4,248.4,0.328285559762034,0.671714440237966
"54",75,74,46.2014551752154,15771,-0.162329565377912,15322.2,448.799999999999,0,5,"none",113.8,335.2,0.253452115812918,0.746547884187082
"55",76,75,46.0606869311771,16118.2,-0.119479805611916,15771,347.200000000001,1,3,"none",110.4,237,0.317789291882556,0.682210708117444
"56",77,76,58.1301502107311,16347.8,-0.133318129989488,16118.2,229.599999999999,1,4,"none",116.8,113,0.508268059181897,0.491731940818103
"57",78,77,51.97164935031,16899,-0.153763179678198,16347.8,551.200000000001,1,6,"none",183.2,368.2,0.332245194051505,0.667754805948495
"58",79,78,61.3256020009976,17200.6,-0.164746741854196,16899,301.599999999999,1,3,"none",104.4,197.4,0.345924453280318,0.654075546719682
"59",80,79,30.2598247282499,17452.6,-0.164483032277903,17200.6,252,0,2,"none",59,193.2,0.233941316415543,0.766058683584457
"60",81,80,17.0291923481184,17544.6,-0.120718037936439,17452.6,92,0,2,"none",54.6,37.6,0.592190889370933,0.407809110629067
"61",82,81,56.6305606659508,18093.4,-0.232250775098182,17544.6,548.800000000003,0,4,"none",71,478,0.129326047358834,0.870673952641166
"62",83,82,44.237086065541,18313.4,-0.104235372854438,18093.4,220,1,2,"none",75.8,144.4,0.344232515894641,0.655767484105359
"63",84,83,47.8458102825354,18746.2,0.161127885633544,18313.4,432.799999999999,1,6,"none",60.2,372.8,0.139030023094688,0.860969976905312
"64",86,85,47.7263904007756,19043,-0.0384228398117508,18746.2,296.799999999999,1,4,"sink-assisted speed?",119.8,177.2,0.403367003367003,0.596632996632997
"65",88,87,40.7204946994803,19583.8,-0.15868480201865,19043,540.799999999999,0,6,"none",203.6,337.4,0.37634011090573,0.62365988909427
"66",89,88,44.6342707451545,19932.6,0.108840819769126,19583.8,348.799999999999,0,3,"none",68.4,280.6,0.195988538681948,0.804011461318052
"67",91,90,54.8833385731725,20855.8,-0.114481252880855,19932.6,923.200000000001,1,8,"none",198.6,724.8,0.215074723846654,0.784925276153346
"68",92,91,53.777377856127,21076.6,0.123153105661516,20855.8,220.799999999999,1,4,"none",85.4,135.6,0.386425339366516,0.613574660633484
"69",96,95,46.2982680431445,21389.4,0.0100048188704345,21076.6,312.800000000003,1,3,"none",158.4,154.6,0.506070287539936,0.493929712460064
"70",97,96,53.7672622414154,21789.4,0.110495851249143,21389.4,400,1,5,"none",92.8,307.4,0.231884057971014,0.768115942028985
"71",99,98,64.7217176246841,22078.2,-0.123496743178341,21789.4,288.799999999999,1,3,"none",139,150,0.480968858131488,0.519031141868512
"72",100,99,56.8195701184506,22327,0.247463336151514,22078.2,248.799999999999,1,6,"none",45,204,0.180722891566265,0.819277108433735
"73",102,101,58.0915064698965,22690.2,0.199076285295702,22327,363.200000000001,1,4,"none",158,205.4,0.434782608695652,0.565217391304348
"74",106,105,63.2805404038728,22974.2,0.0492882783499402,22690.2,284,1,1,"none",104.6,179.6,0.368050668543279,0.631949331456721
"75",107,106,19.7950114404975,23033.4,-0.129016058791549,22974.2,59.2000000000007,0,1,"none",33.4,26,0.562289562289562,0.437710437710438
"76",108,107,54.8416671849063,23167,-0.0916473410178782,23033.4,133.599999999999,0,2,"none",41.4,92.4,0.309417040358744,0.690582959641256
"77",109,108,63.7839852773972,23654.2,-0.0744456126331583,23167,487.200000000001,0,6,"none",153.8,333.6,0.315551908083709,0.684448091916291
"78",110,109,62.3249387800444,23833.4,1.85488079321081,23654.2,179.200000000001,1,4,"none",26.4,153,0.147157190635452,0.852842809364548
"79",114,113,57.8983340511652,24155,-0.050457124116345,23833.4,321.599999999999,1,3,"none",199,122.8,0.618396519577377,0.381603480422623
"80",115,114,62.0990151791358,24627.8,0.0248597987744523,24155,472.799999999999,1,7,"none",158,315,0.334038054968288,0.665961945031712
"81",116,115,63.7178435313934,24827.8,0.172888654576859,24627.8,200,1,5,"none",68.4,131.8,0.341658341658342,0.658341658341658
"82",118,117,63.6043433353692,25149.4,-0.114800911830478,24827.8,321.600000000002,1,4,"none",121,200.8,0.376009944064636,0.623990055935364
"83",120,119,56.5730970303174,25483.8,-0.0929678601330119,25149.4,334.399999999998,1,4,"none",200.6,134,0.599521817095039,0.400478182904961
"84",121,120,64.1809352092307,25762.2,-0.0888976605522533,25483.8,278.400000000001,0,3,"none",53.8,224.8,0.19310839913855,0.80689160086145
"85",122,121,60.6417474834353,26289.4,-0.13721885854131,25762.2,527.200000000001,0,4,"none",23.8,503.6,0.0451270383010997,0.9548729616989
"86",124,123,57.7977260980104,26739,0.0118026345741511,26289.4,449.599999999999,1,NA,"none",185.6,264.2,0.412627834593153,0.587372165406847
"87",125,124,45.0375182964528,27147,-0.0762537044929319,26739,408,0,4,"none",89.4,318.8,0.219010289073983,0.780989710926017
"88",126,125,53.6992552242371,27327.8,0.472185269631286,27147,180.799999999999,1,4,"none",43.4,137.6,0.239779005524862,0.760220994475138
"89",128,127,60.9117092765935,27635.8,0.460380432577578,27327.8,308,1,5,"none",123.6,184.6,0.401038286826736,0.598961713173264
"90",131,130,65.56776743256,28003,-0.0833595395940863,27635.8,367.200000000001,0,3,"none",161.2,206.2,0.438758845944475,0.561241154055525
"91",132,131,53.9401444193469,28219,-0.0678330370919411,28003,216,0,1,"none",31,185.2,0.143385753931545,0.856614246068455
"92",133,132,48.9469142435447,28610.2,-0.0909897523214489,28219,391.200000000001,0,6,"none",122.6,268.8,0.313234542667348,0.686765457332652
"93",134,133,63.1183990545142,28883.8,1.40904901486498,28610.2,273.599999999999,1,6,"none",25.6,248.2,0.0934989043097151,0.906501095690285
"94",137,136,46.7302971135446,29549.4,0.209106716297278,28883.8,665.600000000002,0,4,"none",202,463.8,0.303394412736558,0.696605587263443
"95",140,139,62.8253199549157,30186.2,0.0985942530691986,29549.4,636.799999999999,1,5,"none",206.2,430.8,0.323704866562009,0.676295133437991
"96",141,140,60.6302908127834,30785.4,-0.107363446254695,30186.2,599.200000000001,0,5,"none",126.4,473,0.210877544210878,0.789122455789122
"97",142,141,29.5024418975634,31253.4,-0.0615910510736832,30785.4,468,0,2,"none",43.8,424.4,0.0935497650576677,0.906450234942332
"98",143,142,55.188057761135,31395.8,0.191209685876611,31253.4,142.399999999998,1,3,"none",53.4,89.2,0.374474053295933,0.625525946704067
"99",145,144,60.0963254892351,31706.2,0.102051403185331,31395.8,310.400000000001,1,4,"none",168,142.6,0.540888602704443,0.459111397295557
"100",147,146,41.5464174008821,31943.8,-0.0964026600020746,31706.2,237.599999999999,0,2,"none",71.2,166.6,0.299411269974769,0.700588730025231
"101",148,147,62.5044627440076,32279.8,-0.0229065412189697,31943.8,336,1,5,"none",151,185.2,0.44913741820345,0.55086258179655
"102",149,148,65.493915612921,32627,-0.0403035005607748,32279.8,347.200000000001,1,6,"none",131.8,215.6,0.379389752446747,0.620610247553253
"103",150,149,58.6576645361112,33039.8,-0.0535689350016944,32627,412.800000000003,1,5,"none",147.2,265.8,0.356416464891041,0.643583535108959
"104",151,150,53.7586652734894,33543.8,-0.0722812836149196,33039.8,504,1,2,"none",130.4,373.8,0.258627528758429,0.741372471241571
"105",152,151,53.6403304634591,33761.4,0.361061995227532,33543.8,217.599999999999,1,2,"none",60.4,157.4,0.277318640955005,0.722681359044995
"106",154,153,15.2024320283907,33859.8,-0.104552077987478,33761.4,98.4000000000015,0,1,"none",53.4,45.2,0.54158215010142,0.45841784989858
"107",155,154,62.6849555148571,34264.6,-0.131128176267077,33859.8,404.799999999996,0,2,"none",41.8,363.2,0.10320987654321,0.89679012345679
"108",156,155,58.128997654149,34787.8,-0.0555100402745177,34264.6,523.200000000004,0,7,"none",150.6,372.8,0.287734046618265,0.712265953381735
"109",157,156,48.9481571952732,35259,-0.108474515057713,34787.8,471.199999999997,0,4,"none",88.4,383,0.187526516758591,0.812473483241409
"110",158,157,51.4970458734294,35501.4,2.08734149110408,35259,242.400000000001,1,4,"none",23.8,218.8,0.0981038746908491,0.901896125309151
"111",162,161,40.3283029111015,36592.8,-0.102685992261634,35501.4,1091.4,NA,NA,"none",806,285.6,0.738365701722243,0.261634298277757
